11111111111111111S11111111111111111111111
10001000001000000010001000001000000000001
10101010101011111010101011101011111110101
10101010100010001000101000101000100010101
10111010111110101111101110101111101010101
10000010100010101000101000101000001010101
11111010101011101010101011101011111010111
10001010101000001010001010100010100010001
10101110101110111011111010111110101110101
10100010100010100010000010001000001000101
10111010101011101110111110101011111011101
10100000101000100010000010101000100000101
10111111111110111011111011101110111111101
10001000000010100010001000100010000000001
10101011111010101110101110101011111111101
10101010000000100010101000101000100000101
11101011101111111010101011101110101110101
10001000101000000010100010000010100010101
11111110111011111110111111111010111010101
10000000100010001000000000001010000010001
10101111101110101011111110101111101111101
10101000001000101010000010100000101000101
10101011111011101010111011111110111010111
10101010001000101010001000000010100010001
10101010111110101011101111111010101111101
10101010000010100010101000000010101010001
11101011101010111110101110111110101010111
10001000101010100000100010001000101010001
10111110111010101110111011101010101011101
10100010001010001010101010000010101000101
10101011101011111010101011111110101110101
10101000101000000010101000100000100000101
10101011101011111010101110101111111011101
10001000101000100010101000101000000010001
10111110101010111110101011111011111110101
10000010101010000000001000000000000010101
11101110101111111111101111111110111110111
10001000100000100010001000001000100010001
10111011111110101011111011101111101011101
10001000000000001000000010000000001000001
11111111111111111111111111111111111E11111